13
0000000000000
0000000000000
0000000000222
0000000000211
0000000000210
0000000000210
0000000200211
0000020000222
0000000000000
0000000000000
0000000000000
0000000000000
0000000000000
0000000000000
0000000000000
0000000000222
0000000000211
0000000000210
0000000000210
0000000200211
0000020000222
0000000000000
0000000000000
0000000000000
0000000000000
0000000000000
0000000000000
0000000000000
0000000000222
0000000000211
0000000000210
0000000000210
0000000200210
0000020000222
0000000000000
0000000000000
0000000000000
0000000000000
0000000000000
0 0
69 12
2
0
7
0 0
