19
0000000000000000000
0000000000000000000
0000222000000000000
0002111200000000000
0002101200000000000
0002111200000000000
0000212000000000000
0000212220000000000
0000211120000000000
0000222220000000000
0000000000000000000
0000000000000000000
0000000000000000000
0000000000000000000
0000000000000000000
0000000000000000000
0000000000000000000
0000000000000000000
0000000000000000000
0000000000000000000
0000000000000000000
0000222000000000000
0002111200000000000
0002101200000000000
0002111200000000000
0000212000000000000
0000212220000000000
0000211120000000000
0000222220000000000
0000000000000000000
0000000000000000000
0000000000000000000
0000000000000000000
0000000000000000000
0000000000000000000
0000000000000000000
0000000000000000000
0000000000000000000
0000000000000000000
0000000000000000000
0000222000000000000
0002111200000000000
0002101200000000000
0002111200000000000
0000212000000000000
0000212220000000000
0000211020000000000
0000222220000000000
0000000000000000000
0000000000000000000
0000000000000000000
0000000000000000000
0000000000000000000
0000000000000000000
0000000000000000000
0000000000000000000
0000000000000000000
0 0
67 14
2
0
10
0 0
