15
000000000000000
000000000000000
000000000000000
000000002000000
000000021200000
000000010000000
000000021200000
000001021120000
000000021120000
000000002200000
000001000000000
000000000000000
000000000000000
000000000000000
000000000000000
000000000000000
000000000000000
000000000000000
000000002000000
000000021200000
000000010000000
000000021200000
000001021120000
000000021120000
000000002200000
000001000000000
000000000000000
000000000000000
000000000000000
000000000000000
000000000000000
000000000000000
000000000000000
000000002000000
000000021200000
000000000000000
000000021200000
000001021120000
000000021120000
000000002200000
000001000000000
000000000000000
000000000000000
000000000000000
000000000000000
0 0
61 15
2
0
3
0 0
